    1     0.0   360.0     0.0     4.0      3640.000  1772.000
    2     0.0    30.0     4.0     8.0      3414.000   639.000
    3    30.0    60.0     4.0     8.0      3476.000   625.000
    4    60.0    90.0     4.0     8.0      3596.000   503.000
    5    90.0   120.0     4.0     8.0      3730.000   370.000
    6   120.0   150.0     4.0     8.0      3765.000   352.000
    7   150.0   180.0     4.0     8.0      3733.000   391.000
    8   180.0   210.0     4.0     8.0      3785.000   382.000
    9   210.0   240.0     4.0     8.0      3782.000   400.000
   10   240.0   270.0     4.0     8.0      3669.000   437.000
   11   270.0   300.0     4.0     8.0      3532.000   471.000
   12   300.0   330.0     4.0     8.0      3436.000   560.000
   13   330.0   360.0     4.0     8.0      3430.000   657.000
   14     0.0    20.0     8.0    12.0      3254.000   827.000
   15    20.0    40.0     8.0    12.0      3295.000   861.000
   16    40.0    60.0     8.0    12.0      3361.000   865.000
   17    60.0    80.0     8.0    12.0      3465.000   643.000
   18    80.0   100.0     8.0    12.0      3615.000   496.000
   19   100.0   120.0     8.0    12.0      3784.000   407.000
   20   120.0   140.0     8.0    12.0      3754.000   365.000
   21   140.0   160.0     8.0    12.0      3643.000   479.000
   22   160.0   180.0     8.0    12.0      3638.000   523.000
   23   180.0   200.0     8.0    12.0      3696.000   535.000
   24   200.0   220.0     8.0    12.0      3753.000   525.000
   25   220.0   240.0     8.0    12.0      3829.000   477.000
   26   240.0   260.0     8.0    12.0      3718.000   481.000
   27   260.0   280.0     8.0    12.0      3585.000   558.000
   28   280.0   300.0     8.0    12.0      3472.000   581.000
   29   300.0   320.0     8.0    12.0      3373.000   583.000
   30   320.0   340.0     8.0    12.0      3286.000   725.000
   31   340.0   360.0     8.0    12.0      3279.000   828.000
   32     0.0    15.0    12.0    16.0      3150.000  1011.000
   33    15.0    30.0    12.0    16.0      3181.000  1132.000
   34    30.0    45.0    12.0    16.0      3217.000  1032.000
   35    45.0    60.0    12.0    16.0      3280.000   948.000
   36    60.0    75.0    12.0    16.0      3406.000   732.000
   37    75.0    90.0    12.0    16.0      3543.000   603.000
   38    90.0   105.0    12.0    16.0      3726.000   416.000
   39   105.0   120.0    12.0    16.0      3922.000   346.000
   40   120.0   135.0    12.0    16.0      3887.000   293.000
   41   135.0   150.0    12.0    16.0      3757.000   440.000
   42   150.0   165.0    12.0    16.0      3653.000   549.000
   43   165.0   180.0    12.0    16.0      3612.000   621.000
   44   180.0   195.0    12.0    16.0      3619.000   610.000
   45   195.0   210.0    12.0    16.0      3625.000   651.000
   46   210.0   225.0    12.0    16.0      3741.000   628.000
   47   225.0   240.0    12.0    16.0      3847.000   499.000
   48   240.0   255.0    12.0    16.0      3807.000   468.000
   49   255.0   270.0    12.0    16.0      3676.000   527.000
   50   270.0   285.0    12.0    16.0      3524.000   568.000
   51   285.0   300.0    12.0    16.0      3381.000   653.000
   52   300.0   315.0    12.0    16.0      3300.000   709.000
   53   315.0   330.0    12.0    16.0      3239.000   768.000
   54   330.0   345.0    12.0    16.0      3188.000   858.000
   55   345.0   360.0    12.0    16.0      3182.000   944.000
   56     0.0    12.0    16.0    20.0      3086.000  1169.000
   57    12.0    24.0    16.0    20.0      3111.000  1208.000
   58    24.0    36.0    16.0    20.0      3140.000  1209.000
   59    36.0    48.0    16.0    20.0      3187.000  1205.000
   60    48.0    60.0    16.0    20.0      3265.000   943.000
   61    60.0    72.0    16.0    20.0      3349.000   836.000
   62    72.0    84.0    16.0    20.0      3484.000   628.000
   63    84.0    96.0    16.0    20.0      3655.000   462.000
   64    96.0   108.0    16.0    20.0      3852.000   346.000
   65   108.0   120.0    16.0    20.0      4038.000   296.000
   66   120.0   132.0    16.0    20.0      4133.000   238.000
   67   132.0   144.0    16.0    20.0      4020.000   272.000
   68   144.0   156.0    16.0    20.0      3880.000   392.000
   69   156.0   168.0    16.0    20.0      3778.000   420.000
   70   168.0   180.0    16.0    20.0      3650.000   501.000
   71   180.0   192.0    16.0    20.0      3567.000   619.000
   72   192.0   204.0    16.0    20.0      3550.000   752.000
   73   204.0   216.0    16.0    20.0      3642.000   714.000
   74   216.0   228.0    16.0    20.0      3815.000   528.000
   75   228.0   240.0    16.0    20.0      3832.000   498.000
   76   240.0   252.0    16.0    20.0      3816.000   496.000
   77   252.0   264.0    16.0    20.0      3805.000   420.000
   78   264.0   276.0    16.0    20.0      3643.000   531.000
   79   276.0   288.0    16.0    20.0      3505.000   623.000
   80   288.0   300.0    16.0    20.0      3373.000   701.000
   81   300.0   312.0    16.0    20.0      3248.000   769.000
   82   312.0   324.0    16.0    20.0      3177.000   848.000
   83   324.0   336.0    16.0    20.0      3143.000   928.000
   84   336.0   348.0    16.0    20.0      3114.000  1029.000
   85   348.0   360.0    16.0    20.0      3109.000  1081.000
   86     0.0    10.0    20.0    24.0      3048.000  1202.000
   87    10.0    20.0    20.0    24.0      3067.000  1278.000
   88    20.0    30.0    20.0    24.0      3101.000  1296.000
   89    30.0    40.0    20.0    24.0      3144.000  1275.000
   90    40.0    50.0    20.0    24.0      3203.000  1128.000
   91    50.0    60.0    20.0    24.0      3271.000   961.000
   92    60.0    70.0    20.0    24.0      3352.000   839.000
   93    70.0    80.0    20.0    24.0      3478.000   638.000
   94    80.0    90.0    20.0    24.0      3603.000   499.000
   95    90.0   100.0    20.0    24.0      3743.000   371.000
   96   100.0   110.0    20.0    24.0      3907.000   320.000
   97   110.0   120.0    20.0    24.0      4105.000   222.000
   98   120.0   130.0    20.0    24.0      4282.000   210.000
   99   130.0   140.0    20.0    24.0      4225.000   178.000
  100   140.0   150.0    20.0    24.0      4033.000   298.000
  101   150.0   160.0    20.0    24.0      3880.000   377.000
  102   160.0   170.0    20.0    24.0      3807.000   438.000
  103   170.0   180.0    20.0    24.0      3641.000   586.000
  104   180.0   190.0    20.0    24.0      3540.000   730.000
  105   190.0   200.0    20.0    24.0      3485.000   772.000
  106   200.0   210.0    20.0    24.0      3554.000   795.000
  107   210.0   220.0    20.0    24.0      3698.000   679.000
  108   220.0   230.0    20.0    24.0      3850.000   516.000
  109   230.0   240.0    20.0    24.0      3813.000   553.000
  110   240.0   250.0    20.0    24.0      3762.000   511.000
  111   250.0   260.0    20.0    24.0      3819.000   485.000
  112   260.0   270.0    20.0    24.0      3745.000   468.000
  113   270.0   280.0    20.0    24.0      3628.000   546.000
  114   280.0   290.0    20.0    24.0      3490.000   616.000
  115   290.0   300.0    20.0    24.0      3346.000   749.000
  116   300.0   310.0    20.0    24.0      3250.000   777.000
  117   310.0   320.0    20.0    24.0      3150.000   865.000
  118   320.0   330.0    20.0    24.0      3092.000   991.000
  119   330.0   340.0    20.0    24.0      3087.000  1037.000
  120   340.0   350.0    20.0    24.0      3062.000  1165.000
  121   350.0   360.0    20.0    24.0      3046.000  1174.000
  122     0.0     8.6    24.0    28.0      3057.000  1233.000
  123     8.6    17.1    24.0    28.0      3084.000  1176.000
  124    17.1    25.7    24.0    28.0      3119.000  1242.000
  125    25.7    34.3    24.0    28.0      3155.000  1141.000
  126    34.3    42.9    24.0    28.0      3198.000  1144.000
  127    42.9    51.4    24.0    28.0      3254.000  1067.000
  128    51.4    60.0    24.0    28.0      3333.000   835.000
  129    60.0    68.6    24.0    28.0      3405.000   750.000
  130    68.6    77.1    24.0    28.0      3492.000   676.000
  131    77.1    85.7    24.0    28.0      3590.000   580.000
  132    85.7    94.3    24.0    28.0      3724.000   454.000
  133    94.3   102.9    24.0    28.0      3896.000   357.000
  134   102.9   111.4    24.0    28.0      4091.000   256.000
  135   111.4   120.0    24.0    28.0      4262.000   242.000
  136   120.0   128.6    24.0    28.0      4449.000   150.000
  137   128.6   137.1    24.0    28.0      4494.000   149.000
  138   137.1   145.7    24.0    28.0      4250.000   225.000
  139   145.7   154.3    24.0    28.0      4099.000   294.000
  140   154.3   162.9    24.0    28.0      3913.000   371.000
  141   162.9   171.4    24.0    28.0      3716.000   505.000
  142   171.4   180.0    24.0    28.0      3537.000   636.000
  143   180.0   188.6    24.0    28.0      3460.000   806.000
  144   188.6   197.1    24.0    28.0      3423.000   856.000
  145   197.1   205.7    24.0    28.0      3498.000   777.000
  146   205.7   214.3    24.0    28.0      3624.000   642.000
  147   214.3   222.9    24.0    28.0      3737.000   636.000
  148   222.9   231.4    24.0    28.0      3793.000   533.000
  149   231.4   240.0    24.0    28.0      3764.000   525.000
  150   240.0   248.6    24.0    28.0      3726.000   517.000
  151   248.6   257.1    24.0    28.0      3731.000   445.000
  152   257.1   265.7    24.0    28.0      3766.000   421.000
  153   265.7   274.3    24.0    28.0      3675.000   509.000
  154   274.3   282.9    24.0    28.0      3595.000   576.000
  155   282.9   291.4    24.0    28.0      3479.000   629.000
  156   291.4   300.0    24.0    28.0      3344.000   691.000
  157   300.0   308.6    24.0    28.0      3236.000   781.000
  158   308.6   317.1    24.0    28.0      3166.000   833.000
  159   317.1   325.7    24.0    28.0      3099.000  1012.000
  160   325.7   334.3    24.0    28.0      3064.000  1073.000
  161   334.3   342.9    24.0    28.0      3050.000  1075.000
  162   342.9   351.4    24.0    28.0      3038.000  1209.000
  163   351.4   360.0    24.0    28.0      3039.000  1206.000
  164     0.0     7.7    28.0    32.0      3104.000  1209.000
  165     7.7    15.3    28.0    32.0      3131.000  1240.000
  166    15.3    23.0    28.0    32.0      3160.000  1095.000
  167    23.0    30.6    28.0    32.0      3201.000  1139.000
  168    30.6    38.3    28.0    32.0      3243.000  1106.000
  169    38.3    46.0    28.0    32.0      3283.000  1082.000
  170    46.0    53.6    28.0    32.0      3335.000   898.000
  171    53.6    61.3    28.0    32.0      3435.000   706.000
  172    61.3    68.9    28.0    32.0      3494.000   681.000
  173    68.9    76.6    28.0    32.0      3554.000   554.000
  174    76.6    84.3    28.0    32.0      3661.000   455.000
  175    84.3    91.9    28.0    32.0      3789.000   411.000
  176    91.9    99.6    28.0    32.0      3939.000   297.000
  177    99.6   107.2    28.0    32.0      4118.000   234.000
  178   107.2   114.9    28.0    32.0      4270.000   205.000
  179   114.9   122.6    28.0    32.0      4414.000   152.000
  180   122.6   130.2    28.0    32.0      4599.000   134.000
  181   130.2   137.9    28.0    32.0      4686.000   114.000
  182   137.9   145.5    28.0    32.0      4472.000   171.000
  183   145.5   153.2    28.0    32.0      4209.000   257.000
  184   153.2   160.9    28.0    32.0      3971.000   305.000
  185   160.9   168.5    28.0    32.0      3790.000   495.000
  186   168.5   176.2    28.0    32.0      3641.000   582.000
  187   176.2   183.8    28.0    32.0      3509.000   739.000
  188   183.8   191.5    28.0    32.0      3439.000   819.000
  189   191.5   199.1    28.0    32.0      3458.000   878.000
  190   199.1   206.8    28.0    32.0      3572.000   705.000
  191   206.8   214.5    28.0    32.0      3641.000   697.000
  192   214.5   222.1    28.0    32.0      3721.000   656.000
  193   222.1   229.8    28.0    32.0      3764.000   639.000
  194   229.8   237.4    28.0    32.0      3725.000   613.000
  195   237.4   245.1    28.0    32.0      3712.000   509.000
  196   245.1   252.8    28.0    32.0      3757.000   544.000
  197   252.8   260.4    28.0    32.0      3722.000   514.000
  198   260.4   268.1    28.0    32.0      3701.000   412.000
  199   268.1   275.7    28.0    32.0      3735.000   478.000
  200   275.7   283.4    28.0    32.0      3600.000   539.000
  201   283.4   291.1    28.0    32.0      3462.000   622.000
  202   291.1   298.7    28.0    32.0      3366.000   681.000
  203   298.7   306.4    28.0    32.0      3271.000   738.000
  204   306.4   314.0    28.0    32.0      3186.000   853.000
  205   314.0   321.7    28.0    32.0      3144.000   933.000
  206   321.7   329.4    28.0    32.0      3127.000  1005.000
  207   329.4   337.0    28.0    32.0      3108.000  1059.000
  208   337.0   344.7    28.0    32.0      3083.000  1084.000
  209   344.7   352.3    28.0    32.0      3083.000  1160.000
  210   352.3   360.0    28.0    32.0      3087.000  1128.000
  211     0.0     6.9    32.0    36.0      3194.000  1041.000
  212     6.9    13.8    32.0    36.0      3218.000  1030.000
  213    13.8    20.8    32.0    36.0      3249.000  1047.000
  214    20.8    27.7    32.0    36.0      3275.000   997.000
  215    27.7    34.6    32.0    36.0      3315.000  1004.000
  216    34.6    41.5    32.0    36.0      3347.000   969.000
  217    41.5    48.5    32.0    36.0      3387.000   890.000
  218    48.5    55.4    32.0    36.0      3481.000   726.000
  219    55.4    62.3    32.0    36.0      3584.000   579.000
  220    62.3    69.2    32.0    36.0      3618.000   562.000
  221    69.2    76.2    32.0    36.0      3653.000   533.000
  222    76.2    83.1    32.0    36.0      3763.000   408.000
  223    83.1    90.0    32.0    36.0      3909.000   340.000
  224    90.0    96.9    32.0    36.0      4019.000   322.000
  225    96.9   103.8    32.0    36.0      4147.000   272.000
  226   103.8   110.8    32.0    36.0      4276.000   234.000
  227   110.8   117.7    32.0    36.0      4383.000   213.000
  228   117.7   124.6    32.0    36.0      4532.000   144.000
  229   124.6   131.5    32.0    36.0      4773.000   123.000
  230   131.5   138.5    32.0    36.0      4920.000    91.000
  231   138.5   145.4    32.0    36.0      4791.000   102.000
  232   145.4   152.3    32.0    36.0      4531.000   163.000
  233   152.3   159.2    32.0    36.0      4256.000   237.000
  234   159.2   166.2    32.0    36.0      3981.000   376.000
  235   166.2   173.1    32.0    36.0      3788.000   470.000
  236   173.1   180.0    32.0    36.0      3657.000   542.000
  237   180.0   186.9    32.0    36.0      3556.000   663.000
  238   186.9   193.8    32.0    36.0      3468.000   778.000
  239   193.8   200.8    32.0    36.0      3506.000   764.000
  240   200.8   207.7    32.0    36.0      3588.000   707.000
  241   207.7   214.6    32.0    36.0      3662.000   711.000
  242   214.6   221.5    32.0    36.0      3755.000   630.000
  243   221.5   228.5    32.0    36.0      3803.000   543.000
  244   228.5   235.4    32.0    36.0      3775.000   556.000
  245   235.4   242.3    32.0    36.0      3729.000   650.000
  246   242.3   249.2    32.0    36.0      3774.000   582.000
  247   249.2   256.2    32.0    36.0      3840.000   474.000
  248   256.2   263.1    32.0    36.0      3911.000   436.000
  249   263.1   270.0    32.0    36.0      3908.000   356.000
  250   270.0   276.9    32.0    36.0      3837.000   443.000
  251   276.9   283.8    32.0    36.0      3692.000   514.000
  252   283.8   290.8    32.0    36.0      3522.000   656.000
  253   290.8   297.7    32.0    36.0      3385.000   736.000
  254   297.7   304.6    32.0    36.0      3317.000   701.000
  255   304.6   311.5    32.0    36.0      3252.000   802.000
  256   311.5   318.5    32.0    36.0      3229.000   918.000
  257   318.5   325.4    32.0    36.0      3200.000   921.000
  258   325.4   332.3    32.0    36.0      3170.000   998.000
  259   332.3   339.2    32.0    36.0      3164.000  1009.000
  260   339.2   346.2    32.0    36.0      3158.000  1002.000
  261   346.2   353.1    32.0    36.0      3170.000  1095.000
  262   353.1   360.0    32.0    36.0      3176.000  1066.000
  263     0.0     6.3    36.0    40.0      3321.000   904.000
  264     6.3    12.6    36.0    40.0      3346.000   892.000
  265    12.6    18.9    36.0    40.0      3378.000   837.000
  266    18.9    25.3    36.0    40.0      3411.000   780.000
  267    25.3    31.6    36.0    40.0      3430.000   813.000
  268    31.6    37.9    36.0    40.0      3453.000   801.000
  269    37.9    44.2    36.0    40.0      3495.000   805.000
  270    44.2    50.5    36.0    40.0      3526.000   702.000
  271    50.5    56.8    36.0    40.0      3640.000   526.000
  272    56.8    63.2    36.0    40.0      3745.000   484.000
  273    63.2    69.5    36.0    40.0      3768.000   473.000
  274    69.5    75.8    36.0    40.0      3796.000   433.000
  275    75.8    82.1    36.0    40.0      3898.000   392.000
  276    82.1    88.4    36.0    40.0      4054.000   259.000
  277    88.4    94.7    36.0    40.0      4136.000   243.000
  278    94.7   101.1    36.0    40.0      4230.000   184.000
  279   101.1   107.4    36.0    40.0      4351.000   202.000
  280   107.4   113.7    36.0    40.0      4391.000   159.000
  281   113.7   120.0    36.0    40.0      4506.000   160.000
  282   120.0   126.3    36.0    40.0      4771.000    95.000
  283   126.3   132.6    36.0    40.0      4977.000    79.000
  284   132.6   138.9    36.0    40.0      5041.000    87.000
  285   138.9   145.3    36.0    40.0      4949.000    97.000
  286   145.3   151.6    36.0    40.0      4704.000   116.000
  287   151.6   157.9    36.0    40.0      4484.000   200.000
  288   157.9   164.2    36.0    40.0      4247.000   261.000
  289   164.2   170.5    36.0    40.0      4032.000   349.000
  290   170.5   176.8    36.0    40.0      3798.000   503.000
  291   176.8   183.2    36.0    40.0      3684.000   551.000
  292   183.2   189.5    36.0    40.0      3598.000   644.000
  293   189.5   195.8    36.0    40.0      3498.000   751.000
  294   195.8   202.1    36.0    40.0      3519.000   734.000
  295   202.1   208.4    36.0    40.0      3581.000   731.000
  296   208.4   214.7    36.0    40.0      3652.000   690.000
  297   214.7   221.1    36.0    40.0      3760.000   641.000
  298   221.1   227.4    36.0    40.0      3814.000   545.000
  299   227.4   233.7    36.0    40.0      3839.000   554.000
  300   233.7   240.0    36.0    40.0      3780.000   550.000
  301   240.0   246.3    36.0    40.0      3778.000   572.000
  302   246.3   252.6    36.0    40.0      3853.000   515.000
  303   252.6   258.9    36.0    40.0      3967.000   383.000
  304   258.9   265.3    36.0    40.0      4020.000   425.000
  305   265.3   271.6    36.0    40.0      4050.000   366.000
  306   271.6   277.9    36.0    40.0      3881.000   414.000
  307   277.9   284.2    36.0    40.0      3739.000   518.000
  308   284.2   290.5    36.0    40.0      3615.000   584.000
  309   290.5   296.8    36.0    40.0      3491.000   622.000
  310   296.8   303.2    36.0    40.0      3393.000   691.000
  311   303.2   309.5    36.0    40.0      3350.000   742.000
  312   309.5   315.8    36.0    40.0      3294.000   811.000
  313   315.8   322.1    36.0    40.0      3283.000   781.000
  314   322.1   328.4    36.0    40.0      3264.000   857.000
  315   328.4   334.7    36.0    40.0      3246.000   910.000
  316   334.7   341.1    36.0    40.0      3261.000   922.000
  317   341.1   347.4    36.0    40.0      3263.000  1025.000
  318   347.4   353.7    36.0    40.0      3273.000   876.000
  319   353.7   360.0    36.0    40.0      3294.000   923.000
  320     0.0     5.8    40.0    44.0      3450.000   750.000
  321     5.8    11.6    40.0    44.0      3469.000   709.000
  322    11.6    17.4    40.0    44.0      3496.000   662.000
  323    17.4    23.2    40.0    44.0      3531.000   636.000
  324    23.2    29.0    40.0    44.0      3567.000   654.000
  325    29.0    34.8    40.0    44.0      3602.000   639.000
  326    34.8    40.6    40.0    44.0      3644.000   604.000
  327    40.6    46.5    40.0    44.0      3656.000   569.000
  328    46.5    52.3    40.0    44.0      3736.000   486.000
  329    52.3    58.1    40.0    44.0      3824.000   438.000
  330    58.1    63.9    40.0    44.0      3921.000   323.000
  331    63.9    69.7    40.0    44.0      4001.000   342.000
  332    69.7    75.5    40.0    44.0      4055.000   302.000
  333    75.5    81.3    40.0    44.0      4226.000   228.000
  334    81.3    87.1    40.0    44.0      4443.000   124.000
  335    87.1    92.9    40.0    44.0      4434.000   160.000
  336    92.9    98.7    40.0    44.0      4437.000   175.000
  337    98.7   104.5    40.0    44.0      4539.000   146.000
  338   104.5   110.3    40.0    44.0      4628.000   128.000
  339   110.3   116.1    40.0    44.0      4810.000   106.000
  340   116.1   121.9    40.0    44.0      4971.000    93.000
  341   121.9   127.7    40.0    44.0      5157.000    61.000
  342   127.7   133.5    40.0    44.0      5157.000    62.000
  343   133.5   139.4    40.0    44.0      5256.000    46.000
  344   139.4   145.2    40.0    44.0      5226.000    62.000
  345   145.2   151.0    40.0    44.0      4963.000    90.000
  346   151.0   156.8    40.0    44.0      4741.000   120.000
  347   156.8   162.6    40.0    44.0      4486.000   163.000
  348   162.6   168.4    40.0    44.0      4252.000   244.000
  349   168.4   174.2    40.0    44.0      4024.000   355.000
  350   174.2   180.0    40.0    44.0      3817.000   465.000
  351   180.0   185.8    40.0    44.0      3698.000   567.000
  352   185.8   191.6    40.0    44.0      3604.000   643.000
  353   191.6   197.4    40.0    44.0      3509.000   697.000
  354   197.4   203.2    40.0    44.0      3531.000   710.000
  355   203.2   209.0    40.0    44.0      3577.000   704.000
  356   209.0   214.8    40.0    44.0      3662.000   642.000
  357   214.8   220.6    40.0    44.0      3788.000   516.000
  358   220.6   226.5    40.0    44.0      3858.000   485.000
  359   226.5   232.3    40.0    44.0      3822.000   505.000
  360   232.3   238.1    40.0    44.0      3817.000   515.000
  361   238.1   243.9    40.0    44.0      3819.000   510.000
  362   243.9   249.7    40.0    44.0      3879.000   431.000
  363   249.7   255.5    40.0    44.0      3987.000   390.000
  364   255.5   261.3    40.0    44.0      4045.000   369.000
  365   261.3   267.1    40.0    44.0      4105.000   336.000
  366   267.1   272.9    40.0    44.0      4168.000   311.000
  367   272.9   278.7    40.0    44.0      3995.000   333.000
  368   278.7   284.5    40.0    44.0      3832.000   409.000
  369   284.5   290.3    40.0    44.0      3686.000   481.000
  370   290.3   296.1    40.0    44.0      3581.000   562.000
  371   296.1   301.9    40.0    44.0      3524.000   612.000
  372   301.9   307.7    40.0    44.0      3456.000   623.000
  373   307.7   313.5    40.0    44.0      3404.000   659.000
  374   313.5   319.4    40.0    44.0      3386.000   659.000
  375   319.4   325.2    40.0    44.0      3367.000   757.000
  376   325.2   331.0    40.0    44.0      3365.000   765.000
  377   331.0   336.8    40.0    44.0      3354.000   760.000
  378   336.8   342.6    40.0    44.0      3377.000   797.000
  379   342.6   348.4    40.0    44.0      3352.000   796.000
  380   348.4   354.2    40.0    44.0      3371.000   823.000
  381   354.2   360.0    40.0    44.0      3412.000   736.000
  382     0.0     5.5    44.0    48.0      3606.000   605.000
  383     5.5    10.9    44.0    48.0      3644.000   530.000
  384    10.9    16.4    44.0    48.0      3703.000   467.000
  385    16.4    21.8    44.0    48.0      3776.000   473.000
  386    21.8    27.3    44.0    48.0      3809.000   458.000
  387    27.3    32.7    44.0    48.0      3825.000   470.000
  388    32.7    38.2    44.0    48.0      3871.000   456.000
  389    38.2    43.6    44.0    48.0      3938.000   427.000
  390    43.6    49.1    44.0    48.0      4022.000   338.000
  391    49.1    54.5    44.0    48.0      4118.000   298.000
  392    54.5    60.0    44.0    48.0      4118.000   257.000
  393    60.0    65.5    44.0    48.0      4187.000   250.000
  394    65.5    70.9    44.0    48.0      4318.000   197.000
  395    70.9    76.4    44.0    48.0      4477.000   151.000
  396    76.4    81.8    44.0    48.0      4807.000   100.000
  397    81.8    87.3    44.0    48.0      5327.000    56.000
  398    87.3    92.7    44.0    48.0      5332.000    49.000
  399    92.7    98.2    44.0    48.0      5168.000    64.000
  400    98.2   103.6    44.0    48.0      5173.000    66.000
  401   103.6   109.1    44.0    48.0      5180.000    48.000
  402   109.1   114.5    44.0    48.0      5218.000    65.000
  403   114.5   120.0    44.0    48.0      5270.000    52.000
  404   120.0   125.5    44.0    48.0      5390.000    42.000
  405   125.5   130.9    44.0    48.0      5387.000    38.000
  406   130.9   136.4    44.0    48.0      5502.000    47.000
  407   136.4   141.8    44.0    48.0      5652.000    41.000
  408   141.8   147.3    44.0    48.0      5839.000    35.000
  409   147.3   152.7    44.0    48.0      5670.000    34.000
  410   152.7   158.2    44.0    48.0      5395.000    27.000
  411   158.2   163.6    44.0    48.0      4786.000    71.000
  412   163.6   169.1    44.0    48.0      4442.000   155.000
  413   169.1   174.5    44.0    48.0      4195.000   200.000
  414   174.5   180.0    44.0    48.0      3917.000   318.000
  415   180.0   185.5    44.0    48.0      3717.000   514.000
  416   185.5   190.9    44.0    48.0      3628.000   656.000
  417   190.9   196.4    44.0    48.0      3558.000   734.000
  418   196.4   201.8    44.0    48.0      3535.000   772.000
  419   201.8   207.3    44.0    48.0      3573.000   727.000
  420   207.3   212.7    44.0    48.0      3640.000   654.000
  421   212.7   218.2    44.0    48.0      3782.000   590.000
  422   218.2   223.6    44.0    48.0      3900.000   505.000
  423   223.6   229.1    44.0    48.0      3895.000   526.000
  424   229.1   234.5    44.0    48.0      3839.000   521.000
  425   234.5   240.0    44.0    48.0      3835.000   496.000
  426   240.0   245.5    44.0    48.0      3911.000   456.000
  427   245.5   250.9    44.0    48.0      4015.000   380.000
  428   250.9   256.4    44.0    48.0      4086.000   336.000
  429   256.4   261.8    44.0    48.0      4115.000   374.000
  430   261.8   267.3    44.0    48.0      4262.000   289.000
  431   267.3   272.7    44.0    48.0      4320.000   240.000
  432   272.7   278.2    44.0    48.0      4156.000   299.000
  433   278.2   283.6    44.0    48.0      4002.000   344.000
  434   283.6   289.1    44.0    48.0      3859.000   416.000
  435   289.1   294.5    44.0    48.0      3722.000   482.000
  436   294.5   300.0    44.0    48.0      3647.000   465.000
  437   300.0   305.5    44.0    48.0      3602.000   492.000
  438   305.5   310.9    44.0    48.0      3552.000   513.000
  439   310.9   316.4    44.0    48.0      3503.000   594.000
  440   316.4   321.8    44.0    48.0      3508.000   587.000
  441   321.8   327.3    44.0    48.0      3483.000   585.000
  442   327.3   332.7    44.0    48.0      3489.000   633.000
  443   332.7   338.2    44.0    48.0      3478.000   692.000
  444   338.2   343.6    44.0    48.0      3488.000   637.000
  445   343.6   349.1    44.0    48.0      3495.000   627.000
  446   349.1   354.5    44.0    48.0      3525.000   599.000
  447   354.5   360.0    44.0    48.0      3571.000   584.000
  448     0.0     5.1    48.0    52.0      3920.000   330.000
  449     5.1    10.3    48.0    52.0      3979.000   315.000
  450    10.3    15.4    48.0    52.0      4050.000   315.000
  451    15.4    20.6    48.0    52.0      4075.000   299.000
  452    20.6    25.7    48.0    52.0      4094.000   261.000
  453    25.7    30.9    48.0    52.0      4149.000   270.000
  454    30.9    36.0    48.0    52.0      4294.000   247.000
  455    36.0    41.1    48.0    52.0      4332.000   234.000
  456    41.1    46.3    48.0    52.0      4336.000   236.000
  457    46.3    51.4    48.0    52.0      4440.000   162.000
  458    51.4    56.6    48.0    52.0      4571.000   158.000
  459    56.6    61.7    48.0    52.0      4577.000   159.000
  460    61.7    66.9    48.0    52.0      4682.000   128.000
  461    66.9    72.0    48.0    52.0      4870.000   103.000
  462    72.0    77.1    48.0    52.0      5052.000    75.000
  463    77.1    82.3    48.0    52.0      5586.000    40.000
  464    82.3    87.4    48.0    52.0      5782.000    34.000
  465    87.4    92.6    48.0    52.0      5554.000    41.000
  466    92.6    97.7    48.0    52.0      5519.000    35.000
  467    97.7   102.9    48.0    52.0      5461.000    44.000
  468   102.9   108.0    48.0    52.0      5430.000    37.000
  469   108.0   113.1    48.0    52.0      5452.000    41.000
  470   113.1   118.3    48.0    52.0      5504.000    35.000
  471   118.3   123.4    48.0    52.0      5614.000    35.000
  472   123.4   128.6    48.0    52.0      5680.000    30.000
  473   128.6   133.7    48.0    52.0      5804.000    33.000
  474   133.7   138.9    48.0    52.0      5980.000    28.000
  475   138.9   144.0    48.0    52.0      6245.000    22.000
  476   144.0   149.1    48.0    52.0      6652.000    12.000
  477   149.1   154.3    48.0    52.0      7370.000     4.000
  478   154.3   159.4    48.0    52.0      7729.000     4.000
  479   159.4   164.6    48.0    52.0      7584.000     4.000
  480   164.6   169.7    48.0    52.0      7415.000     4.000
  481   169.7   174.9    48.0    52.0      6974.000     5.000
  482   174.9   180.0    48.0    52.0      5742.000    24.000
  483   180.0   185.1    48.0    52.0      4579.000   101.000
  484   185.1   190.3    48.0    52.0      3915.000   301.000
  485   190.3   195.4    48.0    52.0      3654.000   647.000
  486   195.4   200.6    48.0    52.0      3605.000   687.000
  487   200.6   205.7    48.0    52.0      3599.000   695.000
  488   205.7   210.9    48.0    52.0      3648.000   800.000
  489   210.9   216.0    48.0    52.0      3766.000   592.000
  490   216.0   221.1    48.0    52.0      3922.000   550.000
  491   221.1   226.3    48.0    52.0      3963.000   494.000
  492   226.3   231.4    48.0    52.0      3908.000   462.000
  493   231.4   236.6    48.0    52.0      3866.000   502.000
  494   236.6   241.7    48.0    52.0      3920.000   447.000
  495   241.7   246.9    48.0    52.0      4036.000   395.000
  496   246.9   252.0    48.0    52.0      4146.000   338.000
  497   252.0   257.1    48.0    52.0      4182.000   340.000
  498   257.1   262.3    48.0    52.0      4275.000   285.000
  499   262.3   267.4    48.0    52.0      4484.000   201.000
  500   267.4   272.6    48.0    52.0      4466.000   199.000
  501   272.6   277.7    48.0    52.0      4315.000   260.000
  502   277.7   282.9    48.0    52.0      4176.000   296.000
  503   282.9   288.0    48.0    52.0      4016.000   364.000
  504   288.0   293.1    48.0    52.0      3906.000   403.000
  505   293.1   298.3    48.0    52.0      3846.000   387.000
  506   298.3   303.4    48.0    52.0      3794.000   421.000
  507   303.4   308.6    48.0    52.0      3736.000   411.000
  508   308.6   313.7    48.0    52.0      3699.000   422.000
  509   313.7   318.9    48.0    52.0      3666.000   415.000
  510   318.9   324.0    48.0    52.0      3677.000   434.000
  511   324.0   329.1    48.0    52.0      3662.000   513.000
  512   329.1   334.3    48.0    52.0      3650.000   468.000
  513   334.3   339.4    48.0    52.0      3663.000   481.000
  514   339.4   344.6    48.0    52.0      3703.000   420.000
  515   344.6   349.7    48.0    52.0      3739.000   429.000
  516   349.7   354.9    48.0    52.0      3782.000   420.000
  517   354.9   360.0    48.0    52.0      3865.000   374.000
  518     0.0     4.9    52.0    56.0      4339.000   173.000
  519     4.9     9.7    52.0    56.0      4394.000   155.000
  520     9.7    14.6    52.0    56.0      4493.000   143.000
  521    14.6    19.5    52.0    56.0      4536.000   132.000
  522    19.5    24.3    52.0    56.0      4559.000   168.000
  523    24.3    29.2    52.0    56.0      4569.000   111.000
  524    29.2    34.1    52.0    56.0      4677.000   151.000
  525    34.1    38.9    52.0    56.0      4873.000   101.000
  526    38.9    43.8    52.0    56.0      5089.000    87.000
  527    43.8    48.6    52.0    56.0      5165.000    57.000
  528    48.6    53.5    52.0    56.0      5250.000    73.000
  529    53.5    58.4    52.0    56.0      5364.000    65.000
  530    58.4    63.2    52.0    56.0      5440.000    38.000
  531    63.2    68.1    52.0    56.0      5568.000    42.000
  532    68.1    73.0    52.0    56.0      5862.000    27.000
  533    73.0    77.8    52.0    56.0      6334.000    20.000
  534    77.8    82.7    52.0    56.0      6350.000    14.000
  535    82.7    87.6    52.0    56.0      6036.000    21.000
  536    87.6    92.4    52.0    56.0      5778.000    37.000
  537    92.4    97.3    52.0    56.0      5708.000    28.000
  538    97.3   102.2    52.0    56.0      5731.000    26.000
  539   102.2   107.0    52.0    56.0      5809.000    24.000
  540   107.0   111.9    52.0    56.0      5869.000    27.000
  541   111.9   116.8    52.0    56.0      5875.000    22.000
  542   116.8   121.6    52.0    56.0      5885.000    31.000
  543   121.6   126.5    52.0    56.0      6020.000    18.000
  544   126.5   131.4    52.0    56.0      6132.000    19.000
  545   131.4   136.2    52.0    56.0      6190.000    15.000
  546   136.2   141.1    52.0    56.0      6496.000     9.000
  547   141.1   145.9    52.0    56.0      7392.000     1.000
  548   145.9   150.8    52.0    56.0      7747.000     4.000
  549   150.8   155.7    52.0    56.0      7836.000     1.000
  550   155.7   160.5    52.0    56.0      7971.000     3.000
  551   160.5   165.4    52.0    56.0      7863.000     8.000
  552   165.4   170.3    52.0    56.0      7932.000     6.000
  553   170.3   175.1    52.0    56.0      7917.000     3.000
  554   175.1   180.0    52.0    56.0      7485.000     6.000
  555   180.0   184.9    52.0    56.0      6554.000    14.000
  556   184.9   189.7    52.0    56.0      5334.000    42.000
  557   189.7   194.6    52.0    56.0      4440.000   149.000
  558   194.6   199.5    52.0    56.0      3781.000   450.000
  559   199.5   204.3    52.0    56.0      3690.000   600.000
  560   204.3   209.2    52.0    56.0      3706.000   646.000
  561   209.2   214.1    52.0    56.0      3811.000   561.000
  562   214.1   218.9    52.0    56.0      4027.000   408.000
  563   218.9   223.8    52.0    56.0      4112.000   333.000
  564   223.8   228.6    52.0    56.0      4042.000   376.000
  565   228.6   233.5    52.0    56.0      3982.000   473.000
  566   233.5   238.4    52.0    56.0      3980.000   452.000
  567   238.4   243.2    52.0    56.0      4074.000   369.000
  568   243.2   248.1    52.0    56.0      4177.000   299.000
  569   248.1   253.0    52.0    56.0      4255.000   296.000
  570   253.0   257.8    52.0    56.0      4393.000   266.000
  571   257.8   262.7    52.0    56.0      4574.000   182.000
  572   262.7   267.6    52.0    56.0      4773.000   149.000
  573   267.6   272.4    52.0    56.0      4711.000   158.000
  574   272.4   277.3    52.0    56.0      4473.000   178.000
  575   277.3   282.2    52.0    56.0      4313.000   240.000
  576   282.2   287.0    52.0    56.0      4185.000   280.000
  577   287.0   291.9    52.0    56.0      4068.000   263.000
  578   291.9   296.8    52.0    56.0      4071.000   256.000
  579   296.8   301.6    52.0    56.0      4006.000   299.000
  580   301.6   306.5    52.0    56.0      3966.000   329.000
  581   306.5   311.4    52.0    56.0      3945.000   269.000
  582   311.4   316.2    52.0    56.0      3891.000   293.000
  583   316.2   321.1    52.0    56.0      3897.000   310.000
  584   321.1   325.9    52.0    56.0      3904.000   278.000
  585   325.9   330.8    52.0    56.0      3914.000   311.000
  586   330.8   335.7    52.0    56.0      3941.000   288.000
  587   335.7   340.5    52.0    56.0      4022.000   240.000
  588   340.5   345.4    52.0    56.0      4107.000   239.000
  589   345.4   350.3    52.0    56.0      4160.000   178.000
  590   350.3   355.1    52.0    56.0      4209.000   203.000
  591   355.1   360.0    52.0    56.0      4265.000   191.000
  592     0.0     4.7    56.0    60.0      5030.000    55.000
  593     4.7     9.4    56.0    60.0      5141.000    49.000
  594     9.4    14.0    56.0    60.0      5121.000    54.000
  595    14.0    18.7    56.0    60.0      5164.000    57.000
  596    18.7    23.4    56.0    60.0      5133.000    71.000
  597    23.4    28.1    56.0    60.0      5127.000    65.000
  598    28.1    32.7    56.0    60.0      5228.000    64.000
  599    32.7    37.4    56.0    60.0      5536.000    58.000
  600    37.4    42.1    56.0    60.0      5671.000    53.000
  601    42.1    46.8    56.0    60.0      5757.000    37.000
  602    46.8    51.4    56.0    60.0      5802.000    45.000
  603    51.4    56.1    56.0    60.0      5822.000    29.000
  604    56.1    60.8    56.0    60.0      5837.000    24.000
  605    60.8    65.5    56.0    60.0      5949.000    30.000
  606    65.5    70.1    56.0    60.0      6313.000    17.000
  607    70.1    74.8    56.0    60.0      6796.000     4.000
  608    74.8    79.5    56.0    60.0      7050.000     5.000
  609    79.5    84.2    56.0    60.0      6617.000     4.000
  610    84.2    88.8    56.0    60.0      6275.000    20.000
  611    88.8    93.5    56.0    60.0      6041.000    18.000
  612    93.5    98.2    56.0    60.0      6017.000    23.000
  613    98.2   102.9    56.0    60.0      6248.000    24.000
  614   102.9   107.5    56.0    60.0      6304.000    12.000
  615   107.5   112.2    56.0    60.0      6323.000     9.000
  616   112.2   116.9    56.0    60.0      6349.000     9.000
  617   116.9   121.6    56.0    60.0      6442.000    12.000
  618   121.6   126.2    56.0    60.0      6536.000    11.000
  619   126.2   130.9    56.0    60.0      6585.000     8.000
  620   130.9   135.6    56.0    60.0      6802.000     5.000
  621   135.6   140.3    56.0    60.0      7592.000     3.000
  622   140.3   144.9    56.0    60.0      8011.000     2.000
  623   144.9   149.6    56.0    60.0      7941.000     5.000
  624   149.6   154.3    56.0    60.0      8025.000     0.000
  625   154.3   159.0    56.0    60.0      8157.000     1.000
  626   159.0   163.6    56.0    60.0      8108.000     2.000
  627   163.6   168.3    56.0    60.0      8131.000     3.000
  628   168.3   173.0    56.0    60.0      8358.000     1.000
  629   173.0   177.7    56.0    60.0      7861.000     2.000
  630   177.7   182.3    56.0    60.0      7138.000     8.000
  631   182.3   187.0    56.0    60.0      6426.000    16.000
  632   187.0   191.7    56.0    60.0      5931.000    39.000
  633   191.7   196.4    56.0    60.0      5503.000    61.000
  634   196.4   201.0    56.0    60.0      4217.000   246.000
  635   201.0   205.7    56.0    60.0      3841.000   481.000
  636   205.7   210.4    56.0    60.0      3910.000   508.000
  637   210.4   215.1    56.0    60.0      4143.000   399.000
  638   215.1   219.7    56.0    60.0      4248.000   363.000
  639   219.7   224.4    56.0    60.0      4230.000   313.000
  640   224.4   229.1    56.0    60.0      4180.000   356.000
  641   229.1   233.8    56.0    60.0      4140.000   403.000
  642   233.8   238.4    56.0    60.0      4118.000   375.000
  643   238.4   243.1    56.0    60.0      4226.000   362.000
  644   243.1   247.8    56.0    60.0      4293.000   332.000
  645   247.8   252.5    56.0    60.0      4365.000   287.000
  646   252.5   257.1    56.0    60.0      4560.000   221.000
  647   257.1   261.8    56.0    60.0      4834.000   141.000
  648   261.8   266.5    56.0    60.0      4999.000   112.000
  649   266.5   271.2    56.0    60.0      5062.000   112.000
  650   271.2   275.8    56.0    60.0      4799.000   135.000
  651   275.8   280.5    56.0    60.0      4550.000   182.000
  652   280.5   285.2    56.0    60.0      4361.000   200.000
  653   285.2   289.9    56.0    60.0      4364.000   194.000
  654   289.9   294.5    56.0    60.0      4387.000   194.000
  655   294.5   299.2    56.0    60.0      4345.000   198.000
  656   299.2   303.9    56.0    60.0      4286.000   226.000
  657   303.9   308.6    56.0    60.0      4227.000   177.000
  658   308.6   313.2    56.0    60.0      4261.000   158.000
  659   313.2   317.9    56.0    60.0      4250.000   181.000
  660   317.9   322.6    56.0    60.0      4227.000   172.000
  661   322.6   327.3    56.0    60.0      4322.000   152.000
  662   327.3   331.9    56.0    60.0      4396.000   125.000
  663   331.9   336.6    56.0    60.0      4451.000   140.000
  664   336.6   341.3    56.0    60.0      4495.000   115.000
  665   341.3   346.0    56.0    60.0      4566.000   106.000
  666   346.0   350.6    56.0    60.0      4747.000    84.000
  667   350.6   355.3    56.0    60.0      4883.000    66.000
  668   355.3   360.0    56.0    60.0      4890.000    73.000
  669     0.0     4.5    60.0    64.0      6719.000     6.000
  670     4.5     9.0    60.0    64.0      6756.000     5.000
  671     9.0    13.5    60.0    64.0      6638.000    15.000
  672    13.5    18.0    60.0    64.0      6515.000     5.000
  673    18.0    22.5    60.0    64.0      6328.000    11.000
  674    22.5    27.0    60.0    64.0      6335.000    12.000
  675    27.0    31.5    60.0    64.0      6448.000    14.000
  676    31.5    36.0    60.0    64.0      6475.000    16.000
  677    36.0    40.5    60.0    64.0      6306.000    13.000
  678    40.5    45.0    60.0    64.0      6237.000    13.000
  679    45.0    49.5    60.0    64.0      6129.000    15.000
  680    49.5    54.0    60.0    64.0      6107.000    18.000
  681    54.0    58.5    60.0    64.0      6077.000    20.000
  682    58.5    63.0    60.0    64.0      6295.000     9.000
  683    63.0    67.5    60.0    64.0      6849.000    12.000
  684    67.5    72.0    60.0    64.0      7162.000     7.000
  685    72.0    76.5    60.0    64.0      7459.000     3.000
  686    76.5    81.0    60.0    64.0      7742.000     2.000
  687    81.0    85.5    60.0    64.0      7263.000     5.000
  688    85.5    90.0    60.0    64.0      6779.000     3.000
  689    90.0    94.5    60.0    64.0      6562.000    10.000
  690    94.5    99.0    60.0    64.0      6617.000     9.000
  691    99.0   103.5    60.0    64.0      6699.000     6.000
  692   103.5   108.0    60.0    64.0      6757.000    11.000
  693   108.0   112.5    60.0    64.0      6922.000     4.000
  694   112.5   117.0    60.0    64.0      6991.000    11.000
  695   117.0   121.5    60.0    64.0      7120.000     5.000
  696   121.5   126.0    60.0    64.0      7702.000     0.000
  697   126.0   130.5    60.0    64.0      7863.000     3.000
  698   130.5   135.0    60.0    64.0      8048.000     3.000
  699   135.0   139.5    60.0    64.0      8313.000     2.000
  700   139.5   144.0    60.0    64.0      8176.000     2.000
  701   144.0   148.5    60.0    64.0      8060.000     1.000
  702   148.5   153.0    60.0    64.0      8193.000     1.000
  703   153.0   157.5    60.0    64.0      8614.000     0.000
  704   157.5   162.0    60.0    64.0      8576.000     0.000
  705   162.0   166.5    60.0    64.0      8438.000     1.000
  706   166.5   171.0    60.0    64.0      8407.000     1.000
  707   171.0   175.5    60.0    64.0      8535.000     0.000
  708   175.5   180.0    60.0    64.0      7729.000     4.000
  709   180.0   184.5    60.0    64.0      6983.000    16.000
  710   184.5   189.0    60.0    64.0      6328.000    22.000
  711   189.0   193.5    60.0    64.0      5880.000    50.000
  712   193.5   198.0    60.0    64.0      5575.000    56.000
  713   198.0   202.5    60.0    64.0      5167.000    90.000
  714   202.5   207.0    60.0    64.0      4180.000   277.000
  715   207.0   211.5    60.0    64.0      4095.000   451.000
  716   211.5   216.0    60.0    64.0      4229.000   361.000
  717   216.0   220.5    60.0    64.0      4277.000   338.000
  718   220.5   225.0    60.0    64.0      4258.000   324.000
  719   225.0   229.5    60.0    64.0      4297.000   315.000
  720   229.5   234.0    60.0    64.0      4449.000   239.000
  721   234.0   238.5    60.0    64.0      4327.000   303.000
  722   238.5   243.0    60.0    64.0      4360.000   300.000
  723   243.0   247.5    60.0    64.0      4438.000   245.000
  724   247.5   252.0    60.0    64.0      4581.000   210.000
  725   252.0   256.5    60.0    64.0      4858.000   137.000
  726   256.5   261.0    60.0    64.0      5103.000   104.000
  727   261.0   265.5    60.0    64.0      5273.000    77.000
  728   265.5   270.0    60.0    64.0      5509.000    75.000
  729   270.0   274.5    60.0    64.0      5227.000    81.000
  730   274.5   279.0    60.0    64.0      4918.000    91.000
  731   279.0   283.5    60.0    64.0      4788.000   125.000
  732   283.5   288.0    60.0    64.0      4779.000    95.000
  733   288.0   292.5    60.0    64.0      4816.000    88.000
  734   292.5   297.0    60.0    64.0      4776.000   109.000
  735   297.0   301.5    60.0    64.0      4705.000   101.000
  736   301.5   306.0    60.0    64.0      4674.000    89.000
  737   306.0   310.5    60.0    64.0      4680.000    86.000
  738   310.5   315.0    60.0    64.0      4690.000    90.000
  739   315.0   319.5    60.0    64.0      4687.000    64.000
  740   319.5   324.0    60.0    64.0      4762.000    69.000
  741   324.0   328.5    60.0    64.0      4789.000    53.000
  742   328.5   333.0    60.0    64.0      4813.000    54.000
  743   333.0   337.5    60.0    64.0      4830.000    62.000
  744   337.5   342.0    60.0    64.0      5011.000    57.000
  745   342.0   346.5    60.0    64.0      5253.000    38.000
  746   346.5   351.0    60.0    64.0      5518.000    20.000
  747   351.0   355.5    60.0    64.0      5867.000    13.000
  748   355.5   360.0    60.0    64.0      6245.000    10.000
  749     0.0     4.3    64.0    68.0      7707.000     1.000
  750     4.3     8.7    64.0    68.0      7615.000     6.000
  751     8.7    13.0    64.0    68.0      7531.000     1.000
  752    13.0    17.3    64.0    68.0      7462.000     2.000
  753    17.3    21.7    64.0    68.0      7337.000     3.000
  754    21.7    26.0    64.0    68.0      7252.000     7.000
  755    26.0    30.4    64.0    68.0      7224.000     8.000
  756    30.4    34.7    64.0    68.0      7329.000     6.000
  757    34.7    39.0    64.0    68.0      7327.000     5.000
  758    39.0    43.4    64.0    68.0      6814.000     3.000
  759    43.4    47.7    64.0    68.0      6554.000    17.000
  760    47.7    52.0    64.0    68.0      6430.000    22.000
  761    52.0    56.4    64.0    68.0      6520.000    20.000
  762    56.4    60.7    64.0    68.0      6929.000    11.000
  763    60.7    65.1    64.0    68.0      7336.000     0.000
  764    65.1    69.4    64.0    68.0      7520.000     5.000
  765    69.4    73.7    64.0    68.0      7919.000     3.000
  766    73.7    78.1    64.0    68.0      8102.000     1.000
  767    78.1    82.4    64.0    68.0      8288.000     1.000
  768    82.4    86.7    64.0    68.0      8452.000     1.000
  769    86.7    91.1    64.0    68.0      8186.000     0.000
  770    91.1    95.4    64.0    68.0      7599.000     0.000
  771    95.4    99.8    64.0    68.0      7342.000     2.000
  772    99.8   104.1    64.0    68.0      7389.000     7.000
  773   104.1   108.4    64.0    68.0      7506.000     5.000
  774   108.4   112.8    64.0    68.0      7547.000     5.000
  775   112.8   117.1    64.0    68.0      7671.000     3.000
  776   117.1   121.4    64.0    68.0      8145.000     0.000
  777   121.4   125.8    64.0    68.0      8255.000     0.000
  778   125.8   130.1    64.0    68.0      8277.000     0.000
  779   130.1   134.5    64.0    68.0      8487.000     1.000
  780   134.5   138.8    64.0    68.0      8511.000     3.000
  781   138.8   143.1    64.0    68.0      8357.000     0.000
  782   143.1   147.5    64.0    68.0      8300.000     1.000
  783   147.5   151.8    64.0    68.0      8659.000     3.000
  784   151.8   156.1    64.0    68.0      9468.000     0.000
  785   156.1   160.5    64.0    68.0     10070.000     0.000
  786   160.5   164.8    64.0    68.0      9242.000     3.000
  787   164.8   169.2    64.0    68.0      8810.000     2.000
  788   169.2   173.5    64.0    68.0      8755.000     1.000
  789   173.5   177.8    64.0    68.0      8311.000     5.000
  790   177.8   182.2    64.0    68.0      7746.000     6.000
  791   182.2   186.5    64.0    68.0      6989.000    18.000
  792   186.5   190.8    64.0    68.0      6419.000    26.000
  793   190.8   195.2    64.0    68.0      5958.000    39.000
  794   195.2   199.5    64.0    68.0      5640.000    62.000
  795   199.5   203.9    64.0    68.0      5285.000    83.000
  796   203.9   208.2    64.0    68.0      4458.000   261.000
  797   208.2   212.5    64.0    68.0      4187.000   408.000
  798   212.5   216.9    64.0    68.0      4290.000   362.000
  799   216.9   221.2    64.0    68.0      4292.000   391.000
  800   221.2   225.5    64.0    68.0      4285.000   364.000
  801   225.5   229.9    64.0    68.0      4431.000   341.000
  802   229.9   234.2    64.0    68.0      4744.000   218.000
  803   234.2   238.6    64.0    68.0      4703.000   211.000
  804   238.6   242.9    64.0    68.0      4617.000   227.000
  805   242.9   247.2    64.0    68.0      4715.000   198.000
  806   247.2   251.6    64.0    68.0      4908.000   180.000
  807   251.6   255.9    64.0    68.0      5236.000   103.000
  808   255.9   260.2    64.0    68.0      5494.000    59.000
  809   260.2   264.6    64.0    68.0      6037.000    31.000
  810   264.6   268.9    64.0    68.0      6412.000    21.000
  811   268.9   273.3    64.0    68.0      5753.000    23.000
  812   273.3   277.6    64.0    68.0      5553.000    45.000
  813   277.6   281.9    64.0    68.0      5420.000    42.000
  814   281.9   286.3    64.0    68.0      5394.000    55.000
  815   286.3   290.6    64.0    68.0      5437.000    47.000
  816   290.6   294.9    64.0    68.0      5399.000    46.000
  817   294.9   299.3    64.0    68.0      5326.000    50.000
  818   299.3   303.6    64.0    68.0      5249.000    41.000
  819   303.6   308.0    64.0    68.0      5261.000    30.000
  820   308.0   312.3    64.0    68.0      5309.000    23.000
  821   312.3   316.6    64.0    68.0      5320.000    34.000
  822   316.6   321.0    64.0    68.0      5361.000    26.000
  823   321.0   325.3    64.0    68.0      5403.000    25.000
  824   325.3   329.6    64.0    68.0      5442.000    15.000
  825   329.6   334.0    64.0    68.0      5622.000    31.000
  826   334.0   338.3    64.0    68.0      5893.000    16.000
  827   338.3   342.7    64.0    68.0      6067.000     7.000
  828   342.7   347.0    64.0    68.0      6341.000     5.000
  829   347.0   351.3    64.0    68.0      6635.000     6.000
  830   351.3   355.7    64.0    68.0      6921.000     5.000
  831   355.7   360.0    64.0    68.0      7713.000     3.000
  832     0.0     4.2    68.0    72.0      8304.000     1.000
  833     4.2     8.5    68.0    72.0      8317.000     0.000
  834     8.5    12.7    68.0    72.0      8294.000     0.000
  835    12.7    16.9    68.0    72.0      8212.000     2.000
  836    16.9    21.2    68.0    72.0      8072.000     1.000
  837    21.2    25.4    68.0    72.0      7788.000     5.000
  838    25.4    29.6    68.0    72.0      7607.000     3.000
  839    29.6    33.9    68.0    72.0      7701.000     2.000
  840    33.9    38.1    68.0    72.0      7797.000     3.000
  841    38.1    42.4    68.0    72.0      7951.000     1.000
  842    42.4    46.6    68.0    72.0      7382.000     4.000
  843    46.6    50.8    68.0    72.0      6894.000     6.000
  844    50.8    55.1    68.0    72.0      7000.000     6.000
  845    55.1    59.3    68.0    72.0      7420.000     3.000
  846    59.3    63.5    68.0    72.0      7707.000     1.000
  847    63.5    67.8    68.0    72.0      8170.000     0.000
  848    67.8    72.0    68.0    72.0      8463.000     1.000
  849    72.0    76.2    68.0    72.0      8548.000     0.000
  850    76.2    80.5    68.0    72.0      8872.000     1.000
  851    80.5    84.7    68.0    72.0     10040.000     0.000
  852    84.7    88.9    68.0    72.0      9575.000     0.000
  853    88.9    93.2    68.0    72.0      8878.000     1.000
  854    93.2    97.4    68.0    72.0      8459.000     2.000
  855    97.4   101.6    68.0    72.0      8242.000     1.000
  856   101.6   105.9    68.0    72.0      8230.000     1.000
  857   105.9   110.1    68.0    72.0      8170.000     0.000
  858   110.1   114.4    68.0    72.0      8203.000     0.000
  859   114.4   118.6    68.0    72.0      8447.000     0.000
  860   118.6   122.8    68.0    72.0      8835.000     0.000
  861   122.8   127.1    68.0    72.0      8636.000     2.000
  862   127.1   131.3    68.0    72.0      8688.000     0.000
  863   131.3   135.5    68.0    72.0      8759.000     1.000
  864   135.5   139.8    68.0    72.0      8810.000     1.000
  865   139.8   144.0    68.0    72.0      8774.000     0.000
  866   144.0   148.2    68.0    72.0      9074.000     1.000
  867   148.2   152.5    68.0    72.0      9563.000     0.000
  868   152.5   156.7    68.0    72.0     10440.000     0.000
  869   156.7   160.9    68.0    72.0     10400.000     0.000
  870   160.9   165.2    68.0    72.0     10220.000     0.000
  871   165.2   169.4    68.0    72.0      9457.000     1.000
  872   169.4   173.6    68.0    72.0      9021.000     1.000
  873   173.6   177.9    68.0    72.0      8680.000     3.000
  874   177.9   182.1    68.0    72.0      8148.000     2.000
  875   182.1   186.4    68.0    72.0      7448.000     8.000
  876   186.4   190.6    68.0    72.0      6739.000    18.000
  877   190.6   194.8    68.0    72.0      6267.000    32.000
  878   194.8   199.1    68.0    72.0      6018.000    50.000
  879   199.1   203.3    68.0    72.0      5672.000    60.000
  880   203.3   207.5    68.0    72.0      4991.000   143.000
  881   207.5   211.8    68.0    72.0      4390.000   329.000
  882   211.8   216.0    68.0    72.0      4345.000   354.000
  883   216.0   220.2    68.0    72.0      4343.000   404.000
  884   220.2   224.5    68.0    72.0      4350.000   408.000
  885   224.5   228.7    68.0    72.0      4499.000   334.000
  886   228.7   232.9    68.0    72.0      4848.000   197.000
  887   232.9   237.2    68.0    72.0      4988.000   156.000
  888   237.2   241.4    68.0    72.0      4979.000   163.000
  889   241.4   245.6    68.0    72.0      5207.000   143.000
  890   245.6   249.9    68.0    72.0      5484.000    81.000
  891   249.9   254.1    68.0    72.0      5793.000    68.000
  892   254.1   258.4    68.0    72.0      6223.000    36.000
  893   258.4   262.6    68.0    72.0      6657.000    17.000
  894   262.6   266.8    68.0    72.0      7093.000    12.000
  895   266.8   271.1    68.0    72.0      7360.000    11.000
  896   271.1   275.3    68.0    72.0      6519.000     9.000
  897   275.3   279.5    68.0    72.0      6199.000    10.000
  898   279.5   283.8    68.0    72.0      6117.000    24.000
  899   283.8   288.0    68.0    72.0      6210.000    21.000
  900   288.0   292.2    68.0    72.0      6176.000    21.000
  901   292.2   296.5    68.0    72.0      6129.000    22.000
  902   296.5   300.7    68.0    72.0      6088.000    23.000
  903   300.7   304.9    68.0    72.0      6068.000    14.000
  904   304.9   309.2    68.0    72.0      6081.000    14.000
  905   309.2   313.4    68.0    72.0      6146.000    12.000
  906   313.4   317.6    68.0    72.0      6205.000    12.000
  907   317.6   321.9    68.0    72.0      6334.000     3.000
  908   321.9   326.1    68.0    72.0      6486.000     6.000
  909   326.1   330.4    68.0    72.0      6827.000     6.000
  910   330.4   334.6    68.0    72.0      7090.000     3.000
  911   334.6   338.8    68.0    72.0      7887.000     1.000
  912   338.8   343.1    68.0    72.0      8423.000     0.000
  913   343.1   347.3    68.0    72.0      9136.000     0.000
  914   347.3   351.5    68.0    72.0      8912.000     0.000
  915   351.5   355.8    68.0    72.0      8678.000     0.000
  916   355.8   360.0    68.0    72.0      8465.000     2.000
  917     0.0     4.1    72.0    76.0      8900.000     1.000
  918     4.1     8.3    72.0    76.0      8865.000     1.000
  919     8.3    12.4    72.0    76.0      8819.000     1.000
  920    12.4    16.6    72.0    76.0      8695.000     0.000
  921    16.6    20.7    72.0    76.0      8615.000     0.000
  922    20.7    24.8    72.0    76.0      8567.000     0.000
  923    24.8    29.0    72.0    76.0      8380.000     3.000
  924    29.0    33.1    72.0    76.0      8151.000     0.000
  925    33.1    37.2    72.0    76.0      8265.000     5.000
  926    37.2    41.4    72.0    76.0      8548.000     1.000
  927    41.4    45.5    72.0    76.0      8481.000     2.000
  928    45.5    49.7    72.0    76.0      7882.000     1.000
  929    49.7    53.8    72.0    76.0      7518.000     4.000
  930    53.8    57.9    72.0    76.0      7884.000     2.000
  931    57.9    62.1    72.0    76.0      8475.000     1.000
  932    62.1    66.2    72.0    76.0      8971.000     0.000
  933    66.2    70.3    72.0    76.0      9052.000     2.000
  934    70.3    74.5    72.0    76.0      9159.000     0.000
  935    74.5    78.6    72.0    76.0      9740.000     0.000
  936    78.6    82.8    72.0    76.0     11080.000     2.000
  937    82.8    86.9    72.0    76.0     12360.000     0.000
  938    86.9    91.0    72.0    76.0     12900.000     0.000
  939    91.0    95.2    72.0    76.0     11850.000     0.000
  940    95.2    99.3    72.0    76.0     10820.000     0.000
  941    99.3   103.4    72.0    76.0     10330.000     0.000
  942   103.4   107.6    72.0    76.0      9461.000     0.000
  943   107.6   111.7    72.0    76.0      9146.000     0.000
  944   111.7   115.9    72.0    76.0      9193.000     2.000
  945   115.9   120.0    72.0    76.0     10530.000     0.000
  946   120.0   124.1    72.0    76.0     11380.000     0.000
  947   124.1   128.3    72.0    76.0      9585.000     0.000
  948   128.3   132.4    72.0    76.0      9193.000     0.000
  949   132.4   136.6    72.0    76.0      9285.000     0.000
  950   136.6   140.7    72.0    76.0      9326.000     3.000
  951   140.7   144.8    72.0    76.0      9545.000     0.000
  952   144.8   149.0    72.0    76.0      9898.000     0.000
  953   149.0   153.1    72.0    76.0     10680.000     0.000
  954   153.1   157.2    72.0    76.0     11060.000     0.000
  955   157.2   161.4    72.0    76.0     10920.000     0.000
  956   161.4   165.5    72.0    76.0     10740.000     0.000
  957   165.5   169.7    72.0    76.0     10610.000     1.000
  958   169.7   173.8    72.0    76.0      9782.000     0.000
  959   173.8   177.9    72.0    76.0      9027.000     2.000
  960   177.9   182.1    72.0    76.0      8498.000     1.000
  961   182.1   186.2    72.0    76.0      7924.000     7.000
  962   186.2   190.3    72.0    76.0      7014.000    15.000
  963   190.3   194.5    72.0    76.0      6510.000    22.000
  964   194.5   198.6    72.0    76.0      6405.000    37.000
  965   198.6   202.8    72.0    76.0      6215.000    37.000
  966   202.8   206.9    72.0    76.0      5660.000    76.000
  967   206.9   211.0    72.0    76.0      4718.000   246.000
  968   211.0   215.2    72.0    76.0      4444.000   386.000
  969   215.2   219.3    72.0    76.0      4427.000   441.000
  970   219.3   223.4    72.0    76.0      4456.000   390.000
  971   223.4   227.6    72.0    76.0      4653.000   318.000
  972   227.6   231.7    72.0    76.0      4940.000   214.000
  973   231.7   235.9    72.0    76.0      5135.000   138.000
  974   235.9   240.0    72.0    76.0      5286.000   133.000
  975   240.0   244.1    72.0    76.0      5786.000    73.000
  976   244.1   248.3    72.0    76.0      5998.000    59.000
  977   248.3   252.4    72.0    76.0      6214.000    33.000
  978   252.4   256.6    72.0    76.0      6599.000    26.000
  979   256.6   260.7    72.0    76.0      6976.000    17.000
  980   260.7   264.8    72.0    76.0      7393.000     7.000
  981   264.8   269.0    72.0    76.0      7805.000     4.000
  982   269.0   273.1    72.0    76.0      8381.000     1.000
  983   273.1   277.2    72.0    76.0      9001.000     1.000
  984   277.2   281.4    72.0    76.0      7664.000     1.000
  985   281.4   285.5    72.0    76.0      7557.000     5.000
  986   285.5   289.7    72.0    76.0      7417.000     5.000
  987   289.7   293.8    72.0    76.0      7308.000     4.000
  988   293.8   297.9    72.0    76.0      7261.000     3.000
  989   297.9   302.1    72.0    76.0      7187.000     5.000
  990   302.1   306.2    72.0    76.0      7165.000     1.000
  991   306.2   310.3    72.0    76.0      7255.000     1.000
  992   310.3   314.5    72.0    76.0      7371.000     0.000
  993   314.5   318.6    72.0    76.0      7480.000     3.000
  994   318.6   322.8    72.0    76.0      7937.000     0.000
  995   322.8   326.9    72.0    76.0      8785.000     0.000
  996   326.9   331.0    72.0    76.0      9476.000     0.000
  997   331.0   335.2    72.0    76.0     10660.000     0.000
  998   335.2   339.3    72.0    76.0     10640.000     0.000
  999   339.3   343.4    72.0    76.0     10280.000     0.000
 1000   343.4   347.6    72.0    76.0      9936.000     0.000
 1001   347.6   351.7    72.0    76.0      9657.000     1.000
 1002   351.7   355.9    72.0    76.0      9490.000     0.000
 1003   355.9   360.0    72.0    76.0      9133.000     0.000
 1004     0.0     4.1    76.0    80.0      9852.000     0.000
 1005     4.1     8.2    76.0    80.0      9611.000     0.000
 1006     8.2    12.3    76.0    80.0      9451.000     0.000
 1007    12.3    16.4    76.0    80.0      9307.000     0.000
 1008    16.4    20.5    76.0    80.0      9132.000     0.000
 1009    20.5    24.5    76.0    80.0      9075.000     1.000
 1010    24.5    28.6    76.0    80.0      8961.000     2.000
 1011    28.6    32.7    76.0    80.0      8821.000     2.000
 1012    32.7    36.8    76.0    80.0      8835.000     2.000
 1013    36.8    40.9    76.0    80.0      9150.000     4.000
 1014    40.9    45.0    76.0    80.0      9093.000     0.000
 1015    45.0    49.1    76.0    80.0      8863.000     0.000
 1016    49.1    53.2    76.0    80.0      8433.000     0.000
 1017    53.2    57.3    76.0    80.0      8914.000     1.000
 1018    57.3    61.4    76.0    80.0      9385.000     1.000
 1019    61.4    65.5    76.0    80.0      9681.000     0.000
 1020    65.5    69.5    76.0    80.0      9761.000     0.000
 1021    69.5    73.6    76.0    80.0     10160.000     0.000
 1022    73.6    77.7    76.0    80.0     11180.000     0.000
 1023    77.7    81.8    76.0    80.0     12410.000     0.000
 1024    81.8    85.9    76.0    80.0     13470.000     0.000
 1025    85.9    90.0    76.0    80.0     14450.000     0.000
 1026    90.0    94.1    76.0    80.0     15000.000     0.000
 1027    94.1    98.2    76.0    80.0     14890.000     0.000
 1028    98.2   102.3    76.0    80.0     14470.000     0.000
 1029   102.3   106.4    76.0    80.0     14020.000     0.000
 1030   106.4   110.5    76.0    80.0     13470.000     0.000
 1031   110.5   114.5    76.0    80.0     13920.000     0.000
 1032   114.5   118.6    76.0    80.0     14530.000     0.000
 1033   118.6   122.7    76.0    80.0     14500.000     0.000
 1034   122.7   126.8    76.0    80.0     14520.000     0.000
 1035   126.8   130.9    76.0    80.0     13730.000     0.000
 1036   130.9   135.0    76.0    80.0     10940.000     0.000
 1037   135.0   139.1    76.0    80.0     10220.000     0.000
 1038   139.1   143.2    76.0    80.0     10190.000     0.000
 1039   143.2   147.3    76.0    80.0     10670.000     0.000
 1040   147.3   151.4    76.0    80.0     11290.000     0.000
 1041   151.4   155.5    76.0    80.0     11720.000     0.000
 1042   155.5   159.5    76.0    80.0     11770.000     0.000
 1043   159.5   163.6    76.0    80.0     11550.000     0.000
 1044   163.6   167.7    76.0    80.0     11340.000     0.000
 1045   167.7   171.8    76.0    80.0     11380.000     0.000
 1046   171.8   175.9    76.0    80.0     11590.000     0.000
 1047   175.9   180.0    76.0    80.0      9368.000     0.000
 1048   180.0   184.1    76.0    80.0      8683.000     2.000
 1049   184.1   188.2    76.0    80.0      7965.000     2.000
 1050   188.2   192.3    76.0    80.0      7088.000     9.000
 1051   192.3   196.4    76.0    80.0      6833.000    18.000
 1052   196.4   200.5    76.0    80.0      6732.000    20.000
 1053   200.5   204.5    76.0    80.0      6539.000    38.000
 1054   204.5   208.6    76.0    80.0      5950.000    49.000
 1055   208.6   212.7    76.0    80.0      4948.000   225.000
 1056   212.7   216.8    76.0    80.0      4641.000   359.000
 1057   216.8   220.9    76.0    80.0      4739.000   368.000
 1058   220.9   225.0    76.0    80.0      4871.000   286.000
 1059   225.0   229.1    76.0    80.0      5066.000   168.000
 1060   229.1   233.2    76.0    80.0      5245.000   126.000
 1061   233.2   237.3    76.0    80.0      5466.000   108.000
 1062   237.3   241.4    76.0    80.0      5938.000    55.000
 1063   241.4   245.5    76.0    80.0      6234.000    50.000
 1064   245.5   249.5    76.0    80.0      6444.000    28.000
 1065   249.5   253.6    76.0    80.0      6831.000    12.000
 1066   253.6   257.7    76.0    80.0      7214.000    11.000
 1067   257.7   261.8    76.0    80.0      7714.000     5.000
 1068   261.8   265.9    76.0    80.0      8447.000     0.000
 1069   265.9   270.0    76.0    80.0      9675.000     0.000
 1070   270.0   274.1    76.0    80.0     13330.000     0.000
 1071   274.1   278.2    76.0    80.0     14840.000     0.000
 1072   278.2   282.3    76.0    80.0     14100.000     0.000
 1073   282.3   286.4    76.0    80.0     10100.000     0.000
 1074   286.4   290.5    76.0    80.0      9397.000     1.000
 1075   290.5   294.5    76.0    80.0      9195.000     2.000
 1076   294.5   298.6    76.0    80.0      9053.000     0.000
 1077   298.6   302.7    76.0    80.0      8955.000     0.000
 1078   302.7   306.8    76.0    80.0      9019.000     0.000
 1079   306.8   310.9    76.0    80.0      9108.000     0.000
 1080   310.9   315.0    76.0    80.0      9179.000     0.000
 1081   315.0   319.1    76.0    80.0     10440.000     0.000
 1082   319.1   323.2    76.0    80.0     11710.000     0.000
 1083   323.2   327.3    76.0    80.0     12370.000     0.000
 1084   327.3   331.4    76.0    80.0     12240.000     0.000
 1085   331.4   335.5    76.0    80.0     12080.000     0.000
 1086   335.5   339.5    76.0    80.0     11690.000     0.000
 1087   339.5   343.6    76.0    80.0     11200.000     0.000
 1088   343.6   347.7    76.0    80.0     10870.000     0.000
 1089   347.7   351.8    76.0    80.0     10600.000     1.000
 1090   351.8   355.9    76.0    80.0     10540.000     0.000
 1091   355.9   360.0    76.0    80.0     10340.000     0.000
 1092     0.0     4.0    80.0    84.0     13890.000     0.000
 1093     4.0     8.1    80.0    84.0     12820.000     0.000
 1094     8.1    12.1    80.0    84.0     11690.000     1.000
 1095    12.1    16.2    80.0    84.0     10670.000     0.000
 1096    16.2    20.2    80.0    84.0     10230.000     1.000
 1097    20.2    24.3    80.0    84.0      9905.000     0.000
 1098    24.3    28.3    80.0    84.0      9648.000     0.000
 1099    28.3    32.4    80.0    84.0      9545.000     0.000
 1100    32.4    36.4    80.0    84.0      9521.000     0.000
 1101    36.4    40.4    80.0    84.0      9861.000     2.000
 1102    40.4    44.5    80.0    84.0      9804.000     1.000
 1103    44.5    48.5    80.0    84.0      9649.000     0.000
 1104    48.5    52.6    80.0    84.0      9506.000     0.000
 1105    52.6    56.6    80.0    84.0      9951.000     0.000
 1106    56.6    60.7    80.0    84.0     10350.000     0.000
 1107    60.7    64.7    80.0    84.0     10610.000     0.000
 1108    64.7    68.8    80.0    84.0     10840.000     1.000
 1109    68.8    72.8    80.0    84.0     11410.000     0.000
 1110    72.8    76.9    80.0    84.0     12550.000     0.000
 1111    76.9    80.9    80.0    84.0     13720.000     0.000
 1112    80.9    84.9    80.0    84.0     14630.000     0.000
 1113    84.9    89.0    80.0    84.0     14990.000     0.000
 1114    89.0    93.0    80.0    84.0     15000.000     0.000
 1115    93.0    97.1    80.0    84.0     15000.000     0.000
 1116    97.1   101.1    80.0    84.0     15000.000     0.000
 1117   101.1   105.2    80.0    84.0     15000.000     0.000
 1118   105.2   109.2    80.0    84.0     15000.000     0.000
 1119   109.2   113.3    80.0    84.0     15000.000     0.000
 1120   113.3   117.3    80.0    84.0     15000.000     0.000
 1121   117.3   121.3    80.0    84.0     15000.000     0.000
 1122   121.3   125.4    80.0    84.0     15000.000     0.000
 1123   125.4   129.4    80.0    84.0     15000.000     0.000
 1124   129.4   133.5    80.0    84.0     15000.000     0.000
 1125   133.5   137.5    80.0    84.0     15000.000     0.000
 1126   137.5   141.6    80.0    84.0     12500.000     0.000
 1127   141.6   145.6    80.0    84.0     11510.000     0.000
 1128   145.6   149.7    80.0    84.0     12070.000     0.000
 1129   149.7   153.7    80.0    84.0     12450.000     0.000
 1130   153.7   157.8    80.0    84.0     12670.000     0.000
 1131   157.8   161.8    80.0    84.0     12810.000     0.000
 1132   161.8   165.8    80.0    84.0     12770.000     0.000
 1133   165.8   169.9    80.0    84.0     12660.000     0.000
 1134   169.9   173.9    80.0    84.0     12850.000     0.000
 1135   173.9   178.0    80.0    84.0     13370.000     0.000
 1136   178.0   182.0    80.0    84.0     13840.000     0.000
 1137   182.0   186.1    80.0    84.0      9985.000     0.000
 1138   186.1   190.1    80.0    84.0      8538.000     0.000
 1139   190.1   194.2    80.0    84.0      7760.000     5.000
 1140   194.2   198.2    80.0    84.0      7471.000    10.000
 1141   198.2   202.2    80.0    84.0      7338.000    19.000
 1142   202.2   206.3    80.0    84.0      7195.000    16.000
 1143   206.3   210.3    80.0    84.0      6903.000    20.000
 1144   210.3   214.4    80.0    84.0      5765.000    91.000
 1145   214.4   218.4    80.0    84.0      5238.000   210.000
 1146   218.4   222.5    80.0    84.0      5360.000   178.000
 1147   222.5   226.5    80.0    84.0      5496.000   159.000
 1148   226.5   230.6    80.0    84.0      5559.000   119.000
 1149   230.6   234.6    80.0    84.0      5714.000    87.000
 1150   234.6   238.7    80.0    84.0      6391.000    36.000
 1151   238.7   242.7    80.0    84.0      6722.000    22.000
 1152   242.7   246.7    80.0    84.0      6863.000    16.000
 1153   246.7   250.8    80.0    84.0      7172.000    12.000
 1154   250.8   254.8    80.0    84.0      7558.000     3.000
 1155   254.8   258.9    80.0    84.0      8057.000     2.000
 1156   258.9   262.9    80.0    84.0      8930.000     0.000
 1157   262.9   267.0    80.0    84.0     13710.000     0.000
 1158   267.0   271.0    80.0    84.0     14800.000     0.000
 1159   271.0   275.1    80.0    84.0     15000.000     0.000
 1160   275.1   279.1    80.0    84.0     15000.000     0.000
 1161   279.1   283.1    80.0    84.0     15000.000     0.000
 1162   283.1   287.2    80.0    84.0     15000.000     0.000
 1163   287.2   291.2    80.0    84.0     14890.000     0.000
 1164   291.2   295.3    80.0    84.0     12810.000     0.000
 1165   295.3   299.3    80.0    84.0     11960.000     0.000
 1166   299.3   303.4    80.0    84.0     11760.000     0.000
 1167   303.4   307.4    80.0    84.0     12110.000     0.000
 1168   307.4   311.5    80.0    84.0     13590.000     0.000
 1169   311.5   315.5    80.0    84.0     14740.000     0.000
 1170   315.5   319.6    80.0    84.0     14510.000     0.000
 1171   319.6   323.6    80.0    84.0     14350.000     0.000
 1172   323.6   327.6    80.0    84.0     14480.000     0.000
 1173   327.6   331.7    80.0    84.0     13950.000     0.000
 1174   331.7   335.7    80.0    84.0     13530.000     0.000
 1175   335.7   339.8    80.0    84.0     13370.000     0.000
 1176   339.8   343.8    80.0    84.0     13240.000     0.000
 1177   343.8   347.9    80.0    84.0     13130.000     0.000
 1178   347.9   351.9    80.0    84.0     13350.000     0.000
 1179   351.9   356.0    80.0    84.0     14090.000     0.000
 1180   356.0   360.0    80.0    84.0     14200.000     0.000
 1181     0.0     4.0    84.0    88.0     15000.000     0.000
 1182     4.0     8.1    84.0    88.0     15000.000     0.000
 1183     8.1    12.1    84.0    88.0     15000.000     0.000
 1184    12.1    16.2    84.0    88.0     14990.000     0.000
 1185    16.2    20.2    84.0    88.0     14120.000     0.000
 1186    20.2    24.3    84.0    88.0     12150.000     0.000
 1187    24.3    28.3    84.0    88.0     11430.000     0.000
 1188    28.3    32.4    84.0    88.0     10580.000     1.000
 1189    32.4    36.4    84.0    88.0     10560.000     0.000
 1190    36.4    40.4    84.0    88.0     10700.000     0.000
 1191    40.4    44.5    84.0    88.0     10810.000     0.000
 1192    44.5    48.5    84.0    88.0     11040.000     2.000
 1193    48.5    52.6    84.0    88.0     11190.000     0.000
 1194    52.6    56.6    84.0    88.0     11360.000     0.000
 1195    56.6    60.7    84.0    88.0     11710.000     0.000
 1196    60.7    64.7    84.0    88.0     12080.000     0.000
 1197    64.7    68.8    84.0    88.0     12640.000     0.000
 1198    68.8    72.8    84.0    88.0     13460.000     1.000
 1199    72.8    76.9    84.0    88.0     14620.000     0.000
 1200    76.9    80.9    84.0    88.0     14990.000     0.000
 1201    80.9    84.9    84.0    88.0     15000.000     0.000
 1202    84.9    89.0    84.0    88.0     15000.000     0.000
 1203    89.0    93.0    84.0    88.0     15000.000     0.000
 1204    93.0    97.1    84.0    88.0     15000.000     0.000
 1205    97.1   101.1    84.0    88.0     15000.000     0.000
 1206   101.1   105.2    84.0    88.0     15000.000     0.000
 1207   105.2   109.2    84.0    88.0     15000.000     0.000
 1208   109.2   113.3    84.0    88.0     15000.000     0.000
 1209   113.3   117.3    84.0    88.0     15000.000     0.000
 1210   117.3   121.3    84.0    88.0     15000.000     0.000
 1211   121.3   125.4    84.0    88.0     15000.000     0.000
 1212   125.4   129.4    84.0    88.0     15000.000     0.000
 1213   129.4   133.5    84.0    88.0     15000.000     0.000
 1214   133.5   137.5    84.0    88.0     15000.000     0.000
 1215   137.5   141.6    84.0    88.0     15000.000     0.000
 1216   141.6   145.6    84.0    88.0     14970.000     0.000
 1217   145.6   149.7    84.0    88.0     13510.000     0.000
 1218   149.7   153.7    84.0    88.0     13500.000     0.000
 1219   153.7   157.8    84.0    88.0     14430.000     0.000
 1220   157.8   161.8    84.0    88.0     14760.000     0.000
 1221   161.8   165.8    84.0    88.0     14550.000     0.000
 1222   165.8   169.9    84.0    88.0     14310.000     0.000
 1223   169.9   173.9    84.0    88.0     14190.000     0.000
 1224   173.9   178.0    84.0    88.0     14090.000     0.000
 1225   178.0   182.0    84.0    88.0     14060.000     0.000
 1226   182.0   186.1    84.0    88.0     14080.000     0.000
 1227   186.1   190.1    84.0    88.0     14180.000     0.000
 1228   190.1   194.2    84.0    88.0     12460.000     0.000
 1229   194.2   198.2    84.0    88.0      9591.000     1.000
 1230   198.2   202.2    84.0    88.0      8731.000     4.000
 1231   202.2   206.3    84.0    88.0      8220.000     3.000
 1232   206.3   210.3    84.0    88.0      8034.000     5.000
 1233   210.3   214.4    84.0    88.0      7711.000     9.000
 1234   214.4   218.4    84.0    88.0      7061.000    34.000
 1235   218.4   222.5    84.0    88.0      6312.000    62.000
 1236   222.5   226.5    84.0    88.0      6191.000    60.000
 1237   226.5   230.6    84.0    88.0      6283.000    52.000
 1238   230.6   234.6    84.0    88.0      6763.000    17.000
 1239   234.6   238.7    84.0    88.0      7424.000    18.000
 1240   238.7   242.7    84.0    88.0      7686.000     7.000
 1241   242.7   246.7    84.0    88.0      7964.000     7.000
 1242   246.7   250.8    84.0    88.0      8306.000     6.000
 1243   250.8   254.8    84.0    88.0      8574.000     0.000
 1244   254.8   258.9    84.0    88.0      9601.000     0.000
 1245   258.9   262.9    84.0    88.0     15000.000     0.000
 1246   262.9   267.0    84.0    88.0     15000.000     0.000
 1247   267.0   271.0    84.0    88.0     15000.000     0.000
 1248   271.0   275.1    84.0    88.0     15000.000     0.000
 1249   275.1   279.1    84.0    88.0     15000.000     0.000
 1250   279.1   283.1    84.0    88.0     15000.000     0.000
 1251   283.1   287.2    84.0    88.0     15000.000     0.000
 1252   287.2   291.2    84.0    88.0     15000.000     0.000
 1253   291.2   295.3    84.0    88.0     15000.000     0.000
 1254   295.3   299.3    84.0    88.0     15000.000     0.000
 1255   299.3   303.4    84.0    88.0     15000.000     0.000
 1256   303.4   307.4    84.0    88.0     15000.000     0.000
 1257   307.4   311.5    84.0    88.0     15000.000     0.000
 1258   311.5   315.5    84.0    88.0     15000.000     0.000
 1259   315.5   319.6    84.0    88.0     15000.000     0.000
 1260   319.6   323.6    84.0    88.0     15000.000     0.000
 1261   323.6   327.6    84.0    88.0     15000.000     0.000
 1262   327.6   331.7    84.0    88.0     15000.000     0.000
 1263   331.7   335.7    84.0    88.0     15000.000     0.000
 1264   335.7   339.8    84.0    88.0     15000.000     0.000
 1265   339.8   343.8    84.0    88.0     15000.000     0.000
 1266   343.8   347.9    84.0    88.0     15000.000     0.000
 1267   347.9   351.9    84.0    88.0     15000.000     0.000
 1268   351.9   356.0    84.0    88.0     15000.000     0.000
 1269   356.0   360.0    84.0    88.0     15000.000     1.000
 1270     0.0     4.0    88.0    92.0     15000.000     0.000
 1271     4.0     8.1    88.0    92.0     15000.000     1.000
 1272     8.1    12.1    88.0    92.0     15000.000     0.000
 1273    12.1    16.2    88.0    92.0     15000.000     0.000
 1274    16.2    20.2    88.0    92.0     15000.000     0.000
 1275    20.2    24.3    88.0    92.0     15000.000     0.000
 1276    24.3    28.3    88.0    92.0     15000.000     0.000
 1277    28.3    32.4    88.0    92.0     15000.000     0.000
 1278    32.4    36.4    88.0    92.0     15000.000     0.000
 1279    36.4    40.4    88.0    92.0     15000.000     1.000
 1280    40.4    44.5    88.0    92.0     14770.000     1.000
 1281    44.5    48.5    88.0    92.0     13810.000     1.000
 1282    48.5    52.6    88.0    92.0     13870.000     1.000
 1283    52.6    56.6    88.0    92.0     14370.000     0.000
 1284    56.6    60.7    88.0    92.0     14790.000     0.000
 1285    60.7    64.7    88.0    92.0     14900.000     0.000
 1286    64.7    68.8    88.0    92.0     14990.000     0.000
 1287    68.8    72.8    88.0    92.0     15000.000     0.000
 1288    72.8    76.9    88.0    92.0     15000.000     0.000
 1289    76.9    80.9    88.0    92.0     15000.000     0.000
 1290    80.9    84.9    88.0    92.0     15000.000     0.000
 1291    84.9    89.0    88.0    92.0     15000.000     0.000
 1292    89.0    93.0    88.0    92.0     15000.000     0.000
 1293    93.0    97.1    88.0    92.0     15000.000     0.000
 1294    97.1   101.1    88.0    92.0     15000.000     0.000
 1295   101.1   105.2    88.0    92.0     15000.000     0.000
 1296   105.2   109.2    88.0    92.0     15000.000     0.000
 1297   109.2   113.3    88.0    92.0     15000.000     0.000
 1298   113.3   117.3    88.0    92.0     15000.000     0.000
 1299   117.3   121.3    88.0    92.0     15000.000     0.000
 1300   121.3   125.4    88.0    92.0     15000.000     0.000
 1301   125.4   129.4    88.0    92.0     15000.000     0.000
 1302   129.4   133.5    88.0    92.0     15000.000     0.000
 1303   133.5   137.5    88.0    92.0     15000.000     0.000
 1304   137.5   141.6    88.0    92.0     15000.000     0.000
 1305   141.6   145.6    88.0    92.0     15000.000     0.000
 1306   145.6   149.7    88.0    92.0     15000.000     0.000
 1307   149.7   153.7    88.0    92.0     15000.000     0.000
 1308   153.7   157.8    88.0    92.0     15000.000     0.000
 1309   157.8   161.8    88.0    92.0     14980.000     0.000
 1310   161.8   165.8    88.0    92.0     14850.000     0.000
 1311   165.8   169.9    88.0    92.0     14710.000     0.000
 1312   169.9   173.9    88.0    92.0     14600.000     0.000
 1313   173.9   178.0    88.0    92.0     14520.000     0.000
 1314   178.0   182.0    88.0    92.0     14510.000     0.000
 1315   182.0   186.1    88.0    92.0     14520.000     0.000
 1316   186.1   190.1    88.0    92.0     14590.000     0.000
 1317   190.1   194.2    88.0    92.0     14720.000     0.000
 1318   194.2   198.2    88.0    92.0     14640.000     0.000
 1319   198.2   202.2    88.0    92.0     13060.000     0.000
 1320   202.2   206.3    88.0    92.0     10620.000     0.000
 1321   206.3   210.3    88.0    92.0      9470.000     0.000
 1322   210.3   214.4    88.0    92.0      8843.000     1.000
 1323   214.4   218.4    88.0    92.0      8438.000     1.000
 1324   218.4   222.5    88.0    92.0      8042.000     7.000
 1325   222.5   226.5    88.0    92.0      7518.000     3.000
 1326   226.5   230.6    88.0    92.0      7299.000     9.000
 1327   230.6   234.6    88.0    92.0      7912.000     3.000
 1328   234.6   238.7    88.0    92.0      8584.000     1.000
 1329   238.7   242.7    88.0    92.0      9004.000     1.000
 1330   242.7   246.7    88.0    92.0      9879.000     0.000
 1331   246.7   250.8    88.0    92.0     12920.000     0.000
 1332   250.8   254.8    88.0    92.0     15000.000     0.000
 1333   254.8   258.9    88.0    92.0     15000.000     0.000
 1334   258.9   262.9    88.0    92.0     15000.000     0.000
 1335   262.9   267.0    88.0    92.0     15000.000     0.000
 1336   267.0   271.0    88.0    92.0     15000.000     0.000
 1337   271.0   275.1    88.0    92.0     15000.000     0.000
 1338   275.1   279.1    88.0    92.0     15000.000     0.000
 1339   279.1   283.1    88.0    92.0     15000.000     0.000
 1340   283.1   287.2    88.0    92.0     15000.000     0.000
 1341   287.2   291.2    88.0    92.0     15000.000     0.000
 1342   291.2   295.3    88.0    92.0     15000.000     0.000
 1343   295.3   299.3    88.0    92.0     15000.000     0.000
 1344   299.3   303.4    88.0    92.0     15000.000     0.000
 1345   303.4   307.4    88.0    92.0     15000.000     0.000
 1346   307.4   311.5    88.0    92.0     15000.000     0.000
 1347   311.5   315.5    88.0    92.0     15000.000     0.000
 1348   315.5   319.6    88.0    92.0     15000.000     0.000
 1349   319.6   323.6    88.0    92.0     15000.000     0.000
 1350   323.6   327.6    88.0    92.0     15000.000     0.000
 1351   327.6   331.7    88.0    92.0     15000.000     0.000
 1352   331.7   335.7    88.0    92.0     15000.000     0.000
 1353   335.7   339.8    88.0    92.0     15000.000     0.000
 1354   339.8   343.8    88.0    92.0     15000.000     0.000
 1355   343.8   347.9    88.0    92.0     15000.000     0.000
 1356   347.9   351.9    88.0    92.0     15000.000     0.000
 1357   351.9   356.0    88.0    92.0     15000.000     0.000
 1358   356.0   360.0    88.0    92.0     15000.000     0.000
 1359   356.0   360.0    88.0    92.0     15000.000     0.000
